20
50 -90291 -89038 -87533 -87340 -71081 -65716 -65110 -64469 -60609 -57837 -54878 -50890 -50375 -48795 -45857 -45248 -42716 -32590 -30881 -30249 -26240 -22119 -21414 -14571 -11413 -7325 3100 5490 11671 13563 17368 34112 36000 37696 40614 47783 51482 53800 54723 67717 71265 76497 80461 80521 81065 84613 86972 88929 92776 95745
50 -99737 -97019 -82846 -80925 -80797 -80041 -76288 -75732 -71529 -60015 -58919 -56008 -48253 -43967 -38242 -33968 -33443 -33227 -32127 -29386 -28282 -25407 -13572 3553 10211 11659 15033 16114 18625 31439 32621 35964 36013 36071 40285 40355 57947 61186 63755 71766 72306 74292 75983 78742 83069 84813 85296 89355 95908 95942
50 -93333 -86918 -84087 -79823 -79343 -79207 -75643 -74978 -68506 -56188 -53342 -48897 -48699 -45595 -44979 -43670 -42445 -39501 -38892 -36732 -36612 -25451 -15129 -13197 -12442 -5275 -1004 1600 6263 13336 18703 19179 21612 22756 26695 40336 47786 49228 49552 55190 56665 63246 68503 68847 74694 75165 84252 85351 87381 97949
50 -98959 -96747 -90544 -90282 -89514 -81864 -70821 -68765 -68352 -60777 -52592 -43709 -43246 -39779 -29888 -19446 -12265 -8654 5762 5768 8720 24550 25894 31127 32523 33605 38567 41685 43219 48839 49343 51948 55202 57968 59057 61837 61912 65624 67524 69023 82369 84001 84393 85869 87442 90651 92180 92364 92430 95391
50 -94087 -84770 -81326 -71687 -69551 -67277 -67166 -64521 -59768 -59625 -59333 -57895 -47863 -43715 -42357 -40783 -26665 -21183 -19962 -6693 -6099 -4419 -2299 714 7391 8801 11325 11748 20555 23388 37126 39185 39699 45230 47544 50781 50916 51349 51464 67865 73042 75024 84507 89266 89959 94546 95268 98278 98625 99003
50 -98550 -96661 -91914 -90072 -84252 -84146 -83497 -81064 -72066 -70177 -60467 -59202 -59072 -54234 -51138 -49536 -48087 -37585 -25839 -25096 -19366 -16421 -5104 -2298 4351 13639 14669 16621 25803 28119 29543 42253 44688 46327 49844 51579 51777 58167 60931 62002 65147 68577 75776 77602 80426 81973 86149 87091 97347 98267
50 -96183 -81874 -79651 -78710 -73030 -70962 -67769 -64572 -48570 -43228 -36984 -27517 -26813 -23435 -19247 -14398 -13426 -11754 -10416 -8039 -5658 -4202 -2171 -1284 8398 10715 10811 12908 15153 21058 22246 27845 30607 33876 36992 37326 38225 52115 59255 59264 70668 73846 74752 84034 84837 92547 95428 96407 96861 98956
50 -95864 -94747 -88811 -85600 -83891 -82447 -82210 -69100 -67494 -60481 -60456 -58876 -58209 -50733 -45292 -42056 -37765 -32249 -27043 -20148 -11670 -8658 -4723 -4028 2812 6314 6944 13927 17048 22740 24665 25295 36739 37438 40333 47668 51443 53105 60141 66365 77014 78081 84329 85437 87793 91703 92627 94951 95481 98257
50 -87441 -82584 -82379 -76261 -72440 -71076 -68095 -64550 -55896 -55102 -54227 -49224 -46545 -44998 -38320 -37044 -36525 -22179 -14515 -6616 -938 1396 5510 8832 10466 12765 14255 15646 17366 19437 22215 25950 30019 35704 41767 43911 48433 52324 52968 54739 59212 60832 73036 77124 77366 84522 84798 88992 95015 95338
50 -94067 -89663 -88045 -86760 -86726 -79524 -78633 -76229 -76089 -75368 -70551 -66451 -61324 -61012 -56750 -50071 -41751 -39238 -33783 -23370 -22661 -21948 -14611 -12212 -3818 -3161 -456 4280 9300 11593 18541 24468 24611 25076 26704 28984 29429 36767 45040 51295 54729 57167 60044 62240 67726 68817 77542 94459 97771 99360
50 -97795 -95157 -90384 -88897 -86180 -85503 -83331 -83076 -81889 -79340 -60347 -57273 -50597 -48587 -41955 -40932 -36610 -28106 -14688 -12989 -11108 -8708 -8292 -8001 -2109 677 1522 7799 13566 14308 16952 24647 29778 30679 31070 35898 41430 46153 55934 59994 60050 65570 69253 71641 85583 89013 92397 93698 94970 96982
50 -99472 -99105 -96082 -95305 -94120 -91883 -88751 -88342 -86523 -84709 -84498 -83286 -77315 -76152 -67988 -64475 -60406 -51105 -49086 -48424 -41948 -37810 -33607 -27618 -27224 -26720 -15460 -5648 -1306 14720 17127 17721 18419 20437 33872 35099 35535 37486 39224 42509 46958 54193 56067 62897 70685 79503 82158 84607 92232 95508
50 -98876 -93912 -93127 -89836 -76930 -76315 -67557 -63716 -60923 -58733 -56974 -55494 -54927 -52458 -48020 -45887 -43806 -42675 -40435 -35825 -22371 -20626 -17244 -3064 4096 6515 11370 14091 19230 22560 23181 23410 26823 35200 40647 42058 43715 45076 60540 61003 63164 70632 72657 75824 84134 88964 91631 91862 93800 96697
50 -98507 -90975 -87331 -85362 -79590 -74809 -74793 -56482 -56151 -55980 -43171 -42479 -40040 -36742 -35581 -34651 -29656 -26339 -25775 -22432 -16801 -15299 -13401 -10327 -5810 -4730 1970 3237 9139 34164 35399 38355 39885 40918 44426 44907 45251 48395 55674 58867 61006 64282 64904 68199 74378 86561 90697 95276 95732 96076
50 -89660 -88785 -85263 -82003 -78914 -72962 -66384 -63662 -62477 -62239 -56739 -54590 -51125 -44940 -40440 -38727 -36292 -33494 -28030 -27716 -23590 -14871 -5000 -3150 -652 -155 3405 3408 7142 9170 11382 18638 21865 24407 35446 43539 44979 46086 61897 61923 63314 78491 79951 81804 82646 84998 93182 93611 93848 96432
50 -93148 -84383 -83069 -82891 -76146 -75369 -67738 -61416 -61255 -61168 -51790 -47363 -47016 -46750 -28337 -27623 -20606 -20104 -18947 -4066 2730 5609 15375 17415 23907 24581 25357 25476 30317 34790 38175 38292 38898 41227 46357 48607 49748 49851 54428 57983 58578 62706 67652 71223 73348 74202 78546 88417 89245 98738
50 -99004 -94388 -92741 -83256 -81461 -74202 -72641 -69411 -67455 -66966 -64797 -60119 -57597 -52506 -49531 -49194 -44998 -38661 -29851 -27142 -24695 -24327 -20306 -18049 -14454 -13389 -13225 -8823 -5207 -4991 -3711 -1753 13594 15894 18140 27677 34092 45986 49916 51833 58278 69545 72610 74579 81348 81627 83654 85478 86224 88787
50 -92410 -91782 -88068 -85205 -81754 -78289 -70329 -64982 -61627 -61595 -57885 -52341 -45065 -41505 -40523 -39195 -34041 -30335 -30235 -28299 -27624 -17838 -4275 -2527 -1964 4896 6598 7919 11172 11623 14442 14651 15499 15649 20265 20739 31336 31502 39847 40207 43241 47220 48778 59501 60424 66564 77185 84231 91443 94181
50 -99391 -97898 -95868 -90851 -85797 -77410 -71787 -69159 -68873 -59662 -58220 -54486 -53131 -50509 -49055 -49010 -47812 -41910 -32704 -30801 -21682 -18870 -9510 -9153 -7809 3746 5817 10303 22929 31391 31605 33096 36327 36849 40019 41056 41708 44804 45077 49154 50545 50642 59856 60503 65920 74678 82367 90287 94763 97580
50 -98054 -96697 -96656 -95178 -90177 -86564 -86420 -85719 -75347 -74460 -72607 -66430 -59462 -52015 -50922 -50376 -49415 -45068 -38707 -38466 -37770 -36270 -35446 -30890 -20677 -17656 3556 9340 11334 13749 18641 30993 37513 37884 38390 42666 43000 43860 46127 47545 52948 61372 64228 74627 75552 80096 80521 87527 92132 92367