1000 2000
323 4538
191 8882
1030 6704
1184 8133
29 8533
1650 5531
548 3092
1804 8566
1238 9381
171 6920
1553 122
1395 6159
1524 7642
1350 5673
1080 8077
1236 6820
1949 1465
564 1038
400 1836
301 5469
652 9654
394 6255
1536 3318
1900 707
297 5830
1512 6315
88 6062
1574 7547
1732 7948
1567 4297
879 9730
1024 9163
173 7062
1168 5431
740 7223
526 2470
125 8302
1168 1747
865 1095
605 1359
1711 4409
425 8048
721 9397
1622 3678
22 2349
484 2021
948 2577
350 3306
1508 3775
429 9259
1838 8530
90 9476
155 7002
1961 719
1921 8935
679 4158
1570 4241
221 6379
764 6326
311 9474
11 5926
599 5401
834 5165
1199 3668
1088 7443
302 6608
398 3277
157 1677
1319 5746
1609 9471
1040 5814
1597 8113
484 8551
1886 9254
1317 9898
150 3397
750 3557
163 2900
1366 6690
499 3146
682 8854
1322 7897
1566 9967
1107 313
1025 7802
542 4725
259 8370
1601 5286
1277 5988
650 7506
1456 9417
661 6668
872 3545
1059 4025
561 5647
1470 675
1487 5523
1854 5088
1778 8680
583 7585
665 9701
449 7861
252 6862
137 5801
85 9738
938 1444
1415 758
1195 1551
958 644
715 3730
1413 9992
1818 3958
1239 8979
1023 2032
1758 2231
1444 8016
1167 9819
989 3493
1838 7419
1432 7053
72 7358
374 4970
843 9768
367 5365
724 7566
1917 532
1668 542
742 2626
483 5749
1113 6170
1943 5773
1109 2964
1138 8640
551 3496
1990 8470
1445 9527
1796 3399
331 3692
1277 6067
1406 7151
692 4010
1675 1234
1870 2541
703 6969
131 3834
1275 7465
1715 3800
379 7971
866 863
587 1478
1324 1721
235 6248
1446 6541
329 2627
1080 9733
302 2602
520 983
924 3427
329 9918
1444 103
276 3677
1638 4533
32 1745
35 5519
1451 2720
417 8815
33 4805
1417 4017
61 6484
223 7299
1898 3634
324 7817
1806 8218
1131 5240
199 1604
728 4457
1857 2853
1589 5685
252 4650
914 5689
699 6705
319 983
1515 3376
446 4384
451 2104
1526 3179
953 4802
521 4817
1206 2598
937 276
1036 5060
1153 7126
841 5365
1743 9509
31 7726
447 9102
165 5645
276 1558
809 3296
1839 1426
1121 7268
757 1646
971 4767
1884 9002
1259 6074
1618 7222
180 7600
524 8834
1284 8945
915 2119
861 3774
1416 793
1971 498
688 2187
6 1969
1108 8530
607 9247
210 4354
825 5224
542 9036
632 486
505 2305
998 6978
274 7788
1477 3491
225 7817
1290 6581
408 8240
981 4098
1073 9808
1497 6478
774 2416
1622 3016
865 9088
1020 8169
836 7910
770 7059
933 1005
277 2330
1488 9927
863 956
1661 9476
568 1025
1879 2095
805 914
1326 9957
36 7856
643 8791
1010 7863
1170 5131
964 9921
1612 8420
1987 4132
1028 3143
130 6209
405 3693
458 1036
171 5681
565 2146
1515 3769
1689 512
1408 9743
1332 8314
1727 7572
670 9654
336 6915
219 4409
1076 5126
1239 7084
1434 7375
37 5782
1607 5946
619 2084
670 8986
1521 807
818 4237
1783 2893
1875 5643
1970 9688
297 9120
360 8353
97 4680
1211 8439
1228 4820
972 9518
666 7023
55 5851
1475 1805
556 2233
494 1179
210 9666
1166 7865
1350 1432
1187 6806
1414 9966
1692 360
943 9400
145 1303
672 2906
130 9783
1903 4661
1978 2647
279 9664
652 3646
1765 6722
1721 8907
600 5526
886 7612
21 4785
1236 4127
693 719
1437 4117
1228 8611
1548 3664
1878 1030
665 1958
976 3171
1440 910
113 5052
330 861
269 3179
1435 5484
68 7926
1264 925
1226 2541
1402 2069
1609 6281
1561 7119
1286 8962
202 8780
219 6481
597 1619
1653 2308
1503 8267
572 3047
642 8091
697 5081
1877 6355
141 676
135 3907
1554 6785
92 9213
1253 7179
1553 435
1926 9241
933 2049
1403 9958
1673 6239
1222 9644
1444 2518
754 3778
1405 8169
1002 473
52 7398
1836 6699
843 340
1562 5580
192 4873
1462 9231
1543 7042
1244 1367
1648 8328
726 2027
1361 1710
980 4423
107 6329
1274 4088
1235 9879
1436 4819
485 9407
1757 4589
913 4642
326 5990
19 633
318 800
723 2272
886 1811
1396 763
1186 5888
1075 5010
1845 1478
1601 2981
975 1160
386 8101
211 4073
1911 7785
771 4886
1545 3783
1745 616
813 762
564 4821
421 1183
902 9037
1596 6407
267 7845
1436 6827
542 4381
1037 5335
1377 219
1776 4371
1524 8318
260 8914
539 2216
1935 4210
792 2867
213 2727
1487 7033
137 2349
501 3721
397 1189
529 6412
611 4368
1705 7917
1869 4570
1495 6469
615 1128
1104 7588
1054 6852
1128 8132
1009 9037
1671 158
1170 8930
1500 7545
1098 7918
1956 3491
1022 2401
1904 4079
575 9355
1259 165
1901 8210
53 6756
1110 6750
1723 4029
4 6308
994 9970
155 1427
1153 2163
526 5306
749 6236
622 5343
1747 3020
1931 6904
1945 1830
703 4097
1990 5732
1120 8616
1738 5936
1335 3160
308 1817
1723 9612
402 8780
1728 9236
1705 6656
1044 1621
1777 2172
655 6059
1033 9188
1661 3609
307 3104
1775 6890
631 9840
1669 1973
1277 8784
1161 2580
1672 8742
622 8750
1921 5916
1661 720
1387 7468
343 1657
507 631
126 454
649 4190
497 7613
460 4643
188 2996
124 1394
1253 7465
280 7976
1211 3552
1714 6329
438 6941
1585 3636
1235 2560
1171 7726
1181 8616
1791 5137
1907 7188
1597 8473
546 1231
738 1083
1063 1108
38 2157
588 1411
1351 2357
1233 1138
606 6683
879 1720
1491 4001
1372 2409
1498 4335
1946 3373
27 7614
1781 5604
612 1154
1490 4884
1156 5262
232 4511
1665 366
145 14
44 9817
992 3651
722 3274
103 8313
691 3921
1406 9217
1133 4719
102 2224
1683 1821
1978 7308
217 3781
1862 4964
1872 5020
1059 511
1175 4923
391 6334
1764 2319
1274 1852
910 269
997 5230
1617 4112
791 6950
1744 714
133 5178
15 523
321 9995
121 4439
586 6012
691 7436
88 2848
1767 4312
1441 2752
402 274
965 8992
1915 8556
1712 6440
381 2703
1955 936
401 1168
661 5113
1243 4816
637 9897
935 4807
1667 5188
598 4030
1477 9158
1732 8367
1774 2443
1759 1953
328 6451
1207 6426
1358 2386
637 6084
1204 1491
730 6547
397 1431
826 8622
1863 7399
1547 3542
1910 8537
1713 7493
184 2712
1544 8926
1183 8602
519 76
327 235
1696 6637
1697 8503
1297 3644
1354 5801
1974 3582
75 2573
1862 5515
920 6190
428 1025
1317 6904
1947 8403
366 555
1876 8289
7 4658
663 7999
1699 3252
638 2091
151 1586
162 452
372 2516
1449 2942
1360 4535
600 751
1647 5232
1311 4211
120 2499
1986 4704
530 2964
970 467
220 1422
423 2138
141 5120
1697 2938
1123 5366
1153 3608
617 7754
988 9747
602 4012
1864 872
1706 2746
1707 2431
467 3262
871 556
1628 8393
682 4330
1741 8789
807 113
264 3588
1688 2398
1671 7403
673 8548
1879 8134
183 8569
1244 7141
721 5731
746 2732
779 6834
559 3531
941 1805
1726 3207
276 2181
1655 7504
1984 6332
974 210
1388 5116
1822 9687
1850 3912
340 4962
356 2884
247 7733
491 4414
1004 4899
345 6254
1502 1201
176 858
109 2780
183 817
120 3193
1622 8032
1274 3511
926 2088
90 5276
1796 9402
1335 1161
1810 7922
541 1213
234 6120
1646 7641
587 3713
1405 4170
1682 9296
847 6835
1761 7289
867 4003
355 3672
147 9553
322 5252
681 7038
1896 483
1450 5089
597 4080
426 4915
1270 5874
313 1197
1063 6324
418 3416
1956 7128
255 5381
1892 1222
555 9331
973 1302
1805 1579
256 8005
845 7882
890 7
1528 9446
374 2989
971 8413
1329 4871
259 9579
1612 5587
1370 1462
2000 3630
363 4826
1096 321
1915 3396
725 8876
982 3819
1880 6218
1967 6389
1071 9752
1985 5121
1532 7648
628 1269
1775 6345
96 6167
242 751
301 1176
1562 178
927 9903
1716 7510
201 1487
1213 7411
1663 3977
532 5876
526 1282
943 8787
845 6995
1290 8809
1032 2520
371 3927
1965 7850
679 1351
1261 6468
1863 7437
1448 4688
1982 1566
533 6459
486 1074
1048 5599
703 6263
1341 3697
217 3145
1844 7762
592 6674
60 5232
894 392
1045 9902
612 1161
897 9698
160 2877
1822 7468
1370 3195
804 9329
1203 6959
124 7539
1038 5742
251 2784
1463 7720
861 8715
1206 3938
931 1386
889 7135
1762 9322
738 1594
1949 5256
1688 9836
1421 868
1287 227
1607 5903
185 1026
186 6073
1615 1588
1613 2581
1859 3275
1317 4790
39 9241
125 8134
1814 1137
153 8124
1790 9610
858 4888
844 8604
1510 6079
1 9243
1617 7866
1227 9660
184 9500
978 9250
265 6012
273 8849
949 2523
1174 3688
209 6506
808 2138
1738 3318
1469 263
1527 7621
493 897
1163 7853
1641 8825
718 2228
440 6348
1081 7761
1719 1433
250 1040
894 1985
603 3279
1021 5155
1682 119
1913 1641
1768 2963
1838 8603
1947 6895
1969 7329
919 6251
519 7341
821 7424
1564 935
443 5156
784 916
1157 3699
1313 5720
176 820
1175 4311
1703 7523
1794 8674
749 3261
167 8539
1843 8026
299 355
875 3460
1603 9117
1273 8305
558 6089
726 5777
1552 7643
1360 8918
16 9986
1983 6489
727 8848
633 9417
1755 6037
1330 5925
87 3322
280 5388
1320 7291
1516 1142
49 7940
648 5693
40 2571
1864 2946
389 7372
760 931
178 1932
1216 5801
1410 3887
1309 9662
1341 1671
1695 5645
1093 6306
1632 7698
1376 1516
1380 3416
1520 1572
1269 8871
1103 1693
1181 6182
65 870
1472 152
642 5847
1486 3393
842 1618
1094 3007
1081 5024
1933 2986
236 6289
1375 7386
1355 1040
1329 2732
17 55
257 5928
122 1737
1266 5746
589 953
551 6254
1089 5914
824 2467
1892 7754
1408 6771
337 8032
1643 2871
1914 2159
771 827
1340 5437
431 5241
805 1183
826 8659
1539 669
1612 8474
978 6087
320 7317
268 9928
825 2707
1125 9596
1327 3257
638 9677
925 4426
506 2744
704 501
213 826
1071 1370
1863 5540
92 9671
1130 2451
1806 4839
639 8063
1078 7212
1425 7657
1904 9713
1719 1263
1140 3903
1148 1197
740 9081
535 2715
1182 6717
1815 7552
1013 7251
1274 8889
1712 6181
785 5741
1661 9718
1586 4733
239 6478
785 9196
302 1913
959 4221
1327 4405
1557 4711
1892 6003
360 1735
731 7040
1685 5637
1429 8661
356 8046
773 5643
620 4448
997 1436
903 2696
864 4289
1174 3562
377 5322
637 4179
605 7911
639 5993
1511 3525
1359 8214
446 1005
843 1023
699 7262
996 4134
1055 5882
1017 3701
1686 9952
1922 5432
259 2444
1313 6769
939 29
1321 6725
1934 6027
284 3709
1374 4942
766 8199
943 5299
1599 3537
1818 6833
933 5414
1138 8158
1964 1159
1499 9078
30 5112
1076 2861
1031 8109
1876 1035
783 2009
425 4965
664 7100
1659 710
1289 6304
1541 9262
906 8713
1486 7450
243 1298
1724 1030
1248 2988
1794 4832
469 8173
1383 70
1973 2875
180 9018
1106 6456
553 4288
1505 1338
1589 6554
