200 50
3 18
5 15
2 12
1 1
2 15
4 5
2 13
4 12
1 7
2 10
2 13
5 2
4 7
4 18
2 11
2 14
1 4
5 9
3 10
3 13
4 18
4 13
1 16
5 9
4 6
5 12
4 7
5 12
4 16
2 16
2 10
5 13
5 15
5 7
5 9
1 3
1 6
5 4
4 6
3 2
4 12
1 6
3 7
3 14
5 10
3 2
1 2
2 3
3 18
4 5
4 7
5 14
4 12
4 16
1 4
2 4
4 8
5 16
1 17
5 3
2 12
5 11
4 10
3 5
2 4
1 1
4 18
2 10
5 16
1 20
4 6
5 8
2 7
5 16
3 19
4 15
1 5
4 12
5 4
2 12
4 20
2 19
4 5
5 13
2 8
2 11
2 1
2 9
3 15
2 9
4 5
1 8
1 5
3 3
4 3
5 9
3 13
1 1
1 18
4 3
1 7
4 7
3 13
3 15
4 12
5 4
2 8
4 10
2 18
5 13
4 7
5 7
5 10
4 16
4 18
5 12
5 8
1 9
3 10
1 7
3 13
2 8
5 14
5 4
1 16
1 15
4 20
4 19
4 4
5 15
1 18
1 5
5 17
2 3
5 17
3 5
2 8
4 2
2 7
1 7
5 5
1 19
4 1
4 2
2 20
5 7
2 6
3 8
4 6
4 15
5 10
1 14
2 11
1 18
3 16
1 17
3 9
1 11
1 15
2 16
3 20
2 17
4 18
5 13
1 11
3 1
4 19
3 15
1 6
4 11
1 9
4 13
2 14
1 2
2 2
4 16
3 10
3 8
1 7
4 4
5 19
1 20
3 20
1 12
2 14
5 6
3 12
3 13
1 3
2 17
2 3
2 16
3 6
2 8
2 11
2 1
3 9
4 12
2 20
5 6
