100 500
17 270
7 61
84 64
89 30
81 227
58 173
16 486
19 66
42 26
42 14
45 392
63 7
62 302
63 464
17 269
86 48
49 262
61 294
9 355
18 18
94 482
66 360
100 74
65 494
81 494
31 499
48 226
84 26
88 467
76 461
49 157
86 384
84 37
74 134
79 367
73 99
91 281
97 161
26 136
96 126
16 428
25 492
79 425
63 432
32 190
100 41
57 258
15 307
51 391
60 494
20 227
95 85
12 244
5 480
35 432
59 412
57 490
42 215
50 378
16 427
51 421
36 14
92 431
5 487
54 174
29 103
20 314
4 438
61 10
13 296
88 34
15 130
65 445
40 176
25 277
44 257
63 66
73 478
76 70
80 461
40 266
2 269
44 12
45 447
2 414
72 472
76 422
33 57
70 344
16 100
76 118
69 248
10 150
63 333
86 430
79 356
70 54
29 386
34 440
84 442
