1000 2000
1 9908
1 8936
1 4370
1 739
1 243
1 1423
1 1234
1 6990
1 6768
1 9504
1 4001
1 3450
1 8757
1 1009
1 1724
1 3230
1 264
1 1119
1 1396
1 1605
1 5553
1 9240
1 7702
1 8202
1 4397
1 8745
1 4178
1 9770
1 7060
1 491
1 9323
1 6380
1 9276
1 7250
1 9992
1 9519
1 9409
1 2864
1 6572
1 3371
1 2718
1 6814
1 6359
1 2350
1 6779
1 2652
1 4389
1 6359
1 9255
1 1549
1 5813
1 5647
1 8417
1 6310
1 4965
1 2000
1 4027
1 9660
1 6803
1 5109
1 6416
1 2455
1 6766
1 8702
1 5831
1 6669
1 3645
1 7714
1 5957
1 1294
1 4193
1 1316
1 8177
1 8529
1 7941
1 763
1 1428
1 2135
1 4846
1 205
1 1861
1 8972
1 8448
1 614
1 1242
1 2544
1 310
1 8364
1 4512
1 1475
1 5531
1 250
1 1532
1 9422
1 5556
1 2199
1 1621
1 1275
1 6147
1 2635
1 1538
1 2051
1 381
1 967
1 9401
1 766
1 5621
1 9065
1 1954
1 8270
1 9138
1 3661
1 8274
1 2305
1 2783
1 1248
1 5979
1 4811
1 7734
1 4416
1 387
1 4660
1 7149
1 9997
1 6069
1 7294
1 5674
1 1230
1 2076
1 729
1 66
1 5724
1 5926
1 5961
1 2059
1 7327
1 5912
1 1969
1 3926
1 6657
1 8036
1 7129
1 3507
1 468
1 7567
1 1017
1 9180
1 986
1 1368
1 8926
1 4567
1 4450
1 8602
1 1314
1 4858
1 7122
1 9487
1 9107
1 9398
1 8058
1 7777
1 4466
1 4513
1 5301
1 4712
1 2062
1 184
1 8726
1 117
1 5613
1 8210
1 6548
1 6329
1 799
1 458
1 4564
1 8838
1 6884
1 5556
1 2172
1 1303
1 3180
1 1872
1 5719
1 3420
1 1973
1 2955
1 6813
1 1346
1 6120
1 7165
1 9282
1 7515
1 982
1 2976
1 4121
1 4141
1 5279
1 8733
1 4170
1 4478
1 1864
1 9540
1 4040
1 8170
1 6304
1 1727
1 2264
1 3130
1 6044
1 4796
1 7900
1 463
1 6021
1 5580
1 1398
1 8810
1 4812
1 6989
1 5280
1 5852
1 7418
1 1070
1 1613
1 1668
1 476
1 6897
1 9327
1 349
1 384
1 7088
1 5934
1 3214
1 2890
1 7558
1 8210
1 9
1 7763
1 743
1 4123
1 3177
1 6607
1 1575
1 6151
1 3601
1 9423
1 7959
1 1043
1 4461
1 7163
1 1498
1 4619
1 9894
1 6919
1 3878
1 5887
1 5113
1 9036
1 7578
1 6340
1 6193
1 2887
1 5226
1 6599
1 6684
1 534
1 7809
1 3059
1 9611
1 2676
1 8718
1 9623
1 7940
1 1742
1 2330
1 803
1 9145
1 3794
1 9352
1 1463
1 6902
1 4932
1 766
1 4352
1 2205
1 4673
1 7305
1 796
1 1545
1 6006
1 5217
1 9162
1 8487
1 1877
1 6832
1 77
1 9663
1 3104
1 1151
1 5284
1 8409
1 7789
1 4779
1 3656
1 2195
1 5105
1 9491
1 7603
1 7044
1 5704
1 1531
1 6036
1 766
1 6754
1 3753
1 538
1 1480
1 7183
1 2029
1 7146
1 6836
1 139
1 5104
1 2271
1 982
1 8344
1 5085
1 3327
1 3313
1 3815
1 941
1 1874
1 4560
1 9765
1 3473
1 5404
1 8366
1 9500
1 9422
1 9955
1 9833
1 9225
1 2481
1 1129
1 9184
1 3119
1 1402
1 761
1 8001
1 2867
1 5814
1 9337
1 1511
1 2898
1 9145
1 2058
1 9845
1 5776
1 8570
1 7885
1 7240
1 7391
1 1475
1 4739
1 3511
1 9754
1 8620
1 5868
1 3439
1 5701
1 6655
1 1829
1 6479
1 2663
1 3303
1 6867
1 1633
1 9754
1 7484
1 7729
1 1909
1 9281
1 7639
1 4113
1 1130
1 2405
1 223
1 8208
1 8171
1 5081
1 515
1 9414
1 3031
1 9341
1 6190
1 8539
1 9545
1 1388
1 1668
1 3496
1 9183
1 6991
1 6154
1 7550
1 2342
1 7582
1 7563
1 4502
1 8518
1 3346
1 4954
1 3171
1 2685
1 5394
1 8899
1 8169
1 8326
1 9074
1 157
1 2418
1 7486
1 6237
1 5249
1 336
1 66
1 4944
1 6728
1 5504
1 9434
1 3479
1 441
1 6596
1 7924
1 3518
1 5188
1 2991
1 9672
1 1041
1 4561
1 6890
1 8101
1 3820
1 1615
1 4749
1 915
1 7700
1 9690
1 4089
1 9508
1 2204
1 5368
1 8717
1 2540
1 5462
1 4461
1 2653
1 4012
1 2014
1 2741
1 4939
1 5305
1 3548
1 6807
1 8829
1 1180
1 9330
1 1793
1 333
1 4481
1 4710
1 7930
1 2564
1 9158
1 9107
1 3896
1 8018
1 7312
1 2035
1 4455
1 7557
1 1953
1 1298
1 6610
1 4003
1 1986
1 9096
1 2679
1 7912
1 2083
1 8622
1 6588
1 3685
1 5451
1 3522
1 2442
1 2071
1 7021
1 9696
1 9258
1 6930
1 622
1 2913
1 8277
1 346
1 6723
1 4421
1 5899
1 6074
1 5977
1 2545
1 9320
1 5686
1 627
1 3001
1 9019
1 219
1 692
1 5509
1 2446
1 8137
1 3046
1 9689
1 903
1 8236
1 9213
1 2598
1 540
1 2777
1 4144
1 75
1 460
1 8652
1 1639
1 5857
1 3727
1 7702
1 6590
1 1270
1 7753
1 5790
1 4756
1 9492
1 6197
1 3565
1 1427
1 4930
1 7281
1 6241
1 9321
1 1566
1 2471
1 715
1 7908
1 8489
1 2552
1 9624
1 1453
1 113
1 1864
1 8804
1 1445
1 7135
1 613
1 3444
1 4624
1 3475
1 377
1 9581
1 4871
1 6053
1 225
1 7726
1 4449
1 7315
1 2580
1 3341
1 83
1 8146
1 6613
1 3688
1 4055
1 9224
1 7375
1 4773
1 2114
1 7691
1 9521
1 182
1 3508
1 1179
1 7292
1 4218
1 8435
1 7341
1 3365
1 5548
1 8989
1 8396
1 1504
1 748
1 6489
1 790
1 6683
1 8558
1 2922
1 5728
1 7144
1 7233
1 751
1 6421
1 3167
1 5015
1 465
1 2590
1 5608
1 9106
1 2740
1 4745
1 7477
1 9001
1 8607
1 5802
1 8410
1 6757
1 1159
1 1585
1 2233
1 5965
1 812
1 6540
1 6885
1 3343
1 6297
1 7545
1 3218
1 6102
1 6514
1 7748
1 2589
1 1097
1 5512
1 3203
1 4193
1 2234
1 5395
1 7634
1 9807
1 3654
1 9053
1 4527
1 5869
1 7626
1 2761
1 9897
1 7003
1 8047
1 2597
1 4576
1 8544
1 6749
1 2451
1 8823
1 8975
1 2345
1 2607
1 8647
1 423
1 2395
1 62
1 7373
1 8511
1 7540
1 7634
1 8390
1 3696
1 6153
1 4644
1 3017
1 4031
1 572
1 8129
1 1701
1 952
1 8437
1 9777
1 7837
1 6143
1 8597
1 5456
1 6648
1 2585
1 99
1 4616
1 9006
1 2821
1 1495
1 9050
1 4234
1 4511
1 7537
1 4231
1 8576
1 3936
1 3446
1 8476
1 8978
1 501
1 2302
1 8954
1 8869
1 8050
1 8248
1 9633
1 8201
1 1951
1 2918
1 5206
1 2901
1 3095
1 6398
1 7839
1 4591
1 5006
1 7512
1 8758
1 8884
1 5354
1 4940
1 6279
1 4381
1 6565
1 7741
1 8788
1 6197
1 1751
1 3423
1 3349
1 8456
1 445
1 283
1 4916
1 5456
1 9768
1 1042
1 8769
1 257
1 9513
1 7433
1 8098
1 6983
1 7221
1 5561
1 6502
1 3912
1 1069
1 9870
1 4373
1 8087
1 5804
1 1492
1 7812
1 2521
1 9871
1 8925
1 6984
1 3760
1 2779
1 3896
1 9
1 7366
1 652
1 8499
1 9738
1 8328
1 1942
1 3699
1 9774
1 9175
1 8133
1 6674
1 5829
1 2734
1 3612
1 9551
1 7074
1 9602
1 6114
1 5158
1 8915
1 2155
1 5613
1 9258
1 9082
1 579
1 3638
1 1979
1 8983
1 4626
1 5165
1 4029
1 6902
1 8731
1 7705
1 6028
1 1278
1 6918
1 5691
1 3749
1 8368
1 116
1 5681
1 4444
1 230
1 9791
1 472
1 934
1 8749
1 5656
1 22
1 3431
1 2123
1 5639
1 6804
1 6430
1 2476
1 3260
1 5620
1 9642
1 2221
1 4477
1 1847
1 5840
1 3000
1 1992
1 3793
1 6937
1 3276
1 6972
1 4921
1 6737
1 2662
1 9686
1 6664
1 6974
1 9089
1 7051
1 8345
1 5205
1 109
1 8540
1 8152
1 7182
1 2827
1 3152
1 2581
1 9472
1 3109
1 3587
1 8025
1 1101
1 5023
1 5567
1 9669
1 8245
1 2096
1 3008
1 8592
1 9920
1 7095
1 3919
1 8541
1 2253
1 9725
1 4416
1 4841
1 2057
1 447
1 6393
1 1104
1 6799
1 239
1 2705
1 7573
1 2632
1 4451
1 8050
1 7423
1 3925
1 7141
1 2026
1 9596
1 8755
1 314
1 3507
1 3223
1 8983
1 4131
1 1293
1 951
1 6063
1 2221
1 2512
1 1409
1 2744
1 8263
1 301
1 2743
1 4357
1 5060
1 3309
1 1250
1 7713
1 3116
1 308
1 9194
1 6267
1 3391
1 3048
1 7148
1 7698
1 5248
1 3964
1 5035
1 4712
1 2096
1 6728
1 6977
1 3761
1 5110
1 4899
1 6793
1 2754
1 8376
1 4385
1 2965
1 3392
1 3466
1 1390
1 9764
1 2324
1 2202
1 3195
1 3833
1 5752
1 8933
1 8732
1 146
1 5588
1 9115
1 5419
1 1383
1 3162
1 5067
1 2136
1 7305
1 1639
1 2016
1 9224
1 5070
1 705
1 807
1 2838
1 9092
1 93
1 880
1 7571
1 6750
1 5985
1 290
1 1785
1 5563
1 5354
1 5062
1 6077
1 8178
1 7927
1 8442
1 9766
1 6904
1 7897
1 6265
1 6111
1 9252
1 2260
1 7104
1 2835
1 2242
1 5757
1 7054
1 1684
1 1798
1 6231
1 216
1 4835
1 5831
1 77
1 5467
1 8417
1 1065
1 5398
