50
4232 4580 1906 2623
6646 2183 5406 8829
6060 7073 2975 6648
3389 3029 1156 5599
4943 7682 1653 174
5827 813 3803 4473
4897 5535 3540 6655
9332 2982 8734 1259
6384 8433 8153 3494
1960 6478 9420 374
1881 1771 3884 4205
7269 6580 8271 827
3203 6156 177 1613
4237 4111 4517 5585
9013 8856 8321 6811
8531 9306 1633 7281
1249 9002 9791 740
6332 2621 6323 7730
2771 8119 8880 9775
960 7039 8103 6893
4661 8631 6531 9795
5119 5990 8691 4682
7918 4420 9186 4646
4851 441 230 4015
9598 701 2566 6698
6390 865 5164 6518
822 9532 5231 1205
3666 7038 7826 4112
3993 745 8575 1614
7674 2366 4018 9890
1886 826 6835 7467
1933 3337 853 5845
8653 2536 2037 5953
7256 2291 6832 7464
9848 4295 9540 6874
5965 8697 2245 4754
2112 3907 7883 1866
8241 5057 8313 5885
4502 4449 9992 9256
9695 3114 4566 3923
3110 4079 8228 3211
648 996 156 4440
4252 6967 441 624
1679 3647 8875 4560
1188 1417 2636 9022
3847 6115 7931 7841
5802 3452 5542 5632
8101 2186 1219 1963
7329 3493 7281 6953
4229 6392 2469 6045
