100
635 8395 4181 3907
6417 4211 6895 9773
8045 4808 8521 2875
1127 2071 3743 7853
9165 1215 4592 3480
3342 272 1134 4411
6741 7303 4081 991
764 2888 4620 6043
8700 9375 2156 1511
5934 2268 7379 5423
8552 9576 2300 9665
575 294 7780 5857
5109 550 349 9804
1227 7901 1103 5097
5225 2239 1187 1234
7424 8948 6026 729
2123 5598 5765 1392
7755 1273 6835 496
8191 9385 239 6265
6213 9547 204 9976
1184 1315 1486 1894
4215 6820 5410 6365
9519 7500 7218 7580
8868 1373 8499 8431
489 5083 9852 1438
7880 366 3772 1850
8147 7968 4192 186
6029 4933 2347 3319
8494 2779 5612 7241
8165 3957 5357 6632
4106 3253 7060 3282
3510 6299 3598 9554
5186 3439 2232 2205
8135 5747 665 1051
4536 2772 1849 7384
7723 4509 3508 6783
6268 8520 8092 5168
7414 5249 1224 516
4557 9955 680 4606
9349 5804 5064 9242
314 2227 6639 7452
3112 406 4365 3890
2309 770 1890 7316
1787 8772 6041 1278
3245 3267 7785 4195
2928 177 7737 8763
593 2935 3711 4463
5665 8843 8527 8199
2609 6448 3669 1429
6726 6357 2129 7382
7431 3226 111 6174
9012 9320 8236 5622
7598 5349 3357 1622
2024 3495 3970 6394
1440 5077 8798 5250
4291 257 5710 8270
1357 609 7224 5605
9017 6905 4510 7987
466 3577 1050 7028
576 2833 8735 5489
2302 7710 2436 8463
8491 7212 8071 9486
1410 3628 7200 8629
9155 4755 9201 2693
8566 8425 9175 4203
5107 6246 9985 3412
4989 2313 8925 8589
4473 9388 8154 3293
6736 8781 1873 8245
81 9917 6178 455
8820 721 8455 6564
8913 9223 1998 8046
1528 2733 1080 8827
7520 6780 6622 4411
4036 7753 8078 2081
5566 7106 7808 8602
5198 1780 3137 6874
482 4264 2122 374
584 3181 2549 3724
194 4655 5277 5823
4006 8173 1719 8187
9540 2012 8364 4106
3240 8690 7157 381
6157 6774 8673 2617
8818 3347 8750 3578
8678 3542 8896 9612
2236 3812 5696 2968
5176 9882 5161 3190
3575 3188 1587 2195
3922 2172 1445 4252
6356 1590 7124 6908
8902 2065 3288 6600
291 1574 3293 9338
5859 5920 1891 8286
5628 8238 3097 1156
7899 1740 399 614
9039 8435 9319 7886
2402 3106 3024 1884
3341 2827 2590 4639
1561 9500 1015 2203
